21.951479029074374 24.586535103594244 1.5
17.893964434777267 24.831127109417682 1.5
13.877233449260613 24.68766639129876 1.5
9.038729416643195 24.666119052678866 1.5
3.991247892374101 24.6582279991096 1.5
-1.5300976042425223 24.56636822173365 1.5
65535
-1.7455420037902991 33.0559106142372 1.5
-1.5940628302675413 37.20250760963709 1.5
-1.764156331149423 43.63201994093982 1.5
2.5776614554762807 43.5005576112764 1.5
6.974804141378593 43.25609193902808 1.5
10.937811703559108 43.587671365528244 1.5
14.911443618794992 43.36785026740614 1.5
19.00614167597355 43.27446902061357 1.5
