7.49901421122511 26.141886542724574 1.5
15.292055820126823 25.31061640141986 1.5
15.941482241309417 25.312244619933043 1.5
13.343776517704182 25.305731660077566 1.5
8.148402722947724 25.718109993039374 1.5
65535
2.3036019325247445 26.128858936741384 1.5
2.3036019325247445 26.128858936741384 1.5
2.3036019325247445 26.128858936741384 1.5
2.3036019325247445 26.128858936741384 1.5
2.3045137076263478 36.338578049397995 1.5
4.902485847072466 39.32292692030522 1.5
9.44877538413661 42.73756580635114 1.5
13.994988607706283 45.301394070347314 1.5
13.994988607706283 45.301394070347314 1.5
