0.007915510118818404 0.0
0.05593259019333486 0.01
0.09171953763426634 0.02
0.17183263558432216 0.03
0.2151287964917317 0.04
0.2613513073166883 0.05
0.32959027631642107 0.06
0.4044229476490584 0.07
0.4489067979373507 0.08
0.48642867510955856 0.09
0.5615477521569385 0.101
0.6080580847502552 0.111
0.7061443894085423 0.121
0.8200665349211672 0.131
0.8981747231120703 0.14100000000000001
0.9366385763853171 0.151
1.02155980580458 0.161
1.1104533692991163 0.171
1.183052127779351 0.181
1.2273969597325796 0.191
1.2778585018266648 0.202
1.3198987579330634 0.212
1.3767219546810197 0.222
1.409891808108169 0.232
1.4674951952203377 0.242
1.5164508013686877 0.252
1.5896526171683132 0.262
1.6313511414345458 0.272
1.700809806570907 0.28200000000000003
1.7810386725293779 0.292
1.8907544646722088 0.303
1.987455520281469 0.313
2.0590944421958737 0.323
2.090705502015987 0.333
2.148085373003141 0.343
2.2702363619064174 0.353
2.332467230917146 0.363
2.460906453341823 0.373
2.574413676556114 0.383
2.627696822992336 0.393
2.69742179579732 0.404
2.772853656317879 0.41400000000000003
2.829046889071208 0.424
2.8882100693305994 0.434
2.950349425998805 0.444
3.005062978575562 0.454
3.1126530861094555 0.464
3.2385395341321312 0.47400000000000003
3.3397391490124355 0.484
3.3983164556494536 0.494
3.5412585048487126 0.505
3.601184327693063 0.515
3.691478260601808 0.525
3.9044677505007948 0.535
3.9658909660584127 0.545
4.022694548233771 0.555
4.111394908217211 0.5650000000000001
4.201046804749956 0.5750000000000001
4.289049581946818 0.585
4.387631572573131 0.595
4.483424556676732 0.606
4.579706480457164 0.616
4.6939043505204205 0.626
4.7613490905283395 0.636
4.819277008836587 0.646
4.907532491752182 0.656
5.014654301746746 0.666
5.084254873647959 0.676
5.167808646071726 0.686
5.269425158880065 0.6960000000000001
5.480786706941762 0.707
5.603773572719911 0.717
5.731717882087129 0.727
5.788057855242077 0.737
5.896936921292731 0.747
6.063181488128238 0.757
6.158929457496407 0.767
6.253457031748866 0.777
6.428219535694903 0.787
6.641105621270031 0.797
6.741447384575177 0.808
6.835911274965173 0.8180000000000001
7.084892994488809 0.8280000000000001
7.237027590844832 0.838
7.4254056255035605 0.848
7.582809457291601 0.858
7.784388891367066 0.868
7.951467435802844 0.878
8.08989819275922 0.888
8.206724921857694 0.898
8.362137779580927 0.909
8.461053953322423 0.919
8.596983889822338 0.929
8.735086251971802 0.9390000000000001
8.96819537756004 0.9490000000000001
9.113500926513778 0.9590000000000001
9.317579336982124 0.969
9.495794221968369 0.979
9.65177199661328 0.989
9.821685979238948 1.0
