0.00005807003648917145 0.0
0.0023180639809996257 0.01
0.00482891080641054 0.02
0.007016430192477524 0.03
0.008423183667668633 0.04
0.011590963978297612 0.05
0.014219418640851493 0.06
0.015064058740400935 0.07
0.017225206950911807 0.08
0.019303064794439093 0.09
0.02236835011386088 0.101
0.02376929184634335 0.111
0.025066230930809442 0.121
0.027574913445665192 0.131
0.028728040624317105 0.14100000000000001
0.03183353843362581 0.151
0.033847447726450854 0.161
0.03791908548070939 0.171
0.03990216914134599 0.181
0.04286509311866729 0.191
0.04541926244888613 0.202
0.048787146695202475 0.212
0.050602225692663746 0.222
0.056692332732829157 0.232
0.05896389035220864 0.242
0.06310534649364166 0.252
0.06754700712193049 0.262
0.06988138819071754 0.272
0.07327948103659132 0.28200000000000003
0.07761712126403429 0.292
0.08252789315678617 0.303
0.08518299213705952 0.313
0.08882311886926134 0.323
0.09083729890031457 0.333
0.09281400570408754 0.343
0.09697824865485369 0.353
0.10285526846152304 0.363
0.10635963594730868 0.373
0.1103038800142288 0.383
0.11213722677116017 0.393
0.11660935071047591 0.404
0.12201357308134446 0.41400000000000003
0.12667784523548387 0.424
0.1294458125370384 0.434
0.13242132803589687 0.444
0.13936657841665465 0.454
0.1410920647039942 0.464
0.1451366510017711 0.47400000000000003
0.14889195016181206 0.484
0.15136656339124693 0.494
0.15762746867486543 0.505
0.1634825453360873 0.515
0.16846348042289705 0.525
0.17363968673803892 0.535
0.179308286671329 0.545
0.18351431293535142 0.555
0.18825848548877896 0.5650000000000001
0.19471073227245822 0.5750000000000001
0.20329520437134282 0.585
0.20937200935014375 0.595
0.21414134378176572 0.606
0.2181951780105285 0.616
0.22432099161016597 0.626
0.2322644076242497 0.636
0.2367178882318021 0.646
0.24300396195134516 0.656
0.24624368370568306 0.666
0.25367048515539725 0.676
0.2620458204089619 0.686
0.274793031363987 0.6960000000000001
0.28084512086428454 0.707
0.2891288857120244 0.717
0.29968516067748463 0.727
0.30965882873497247 0.737
0.31819338628479193 0.747
0.3327227182600246 0.757
0.3386631133885584 0.767
0.34881536116133255 0.777
0.3572304966663425 0.787
0.37071019402364147 0.797
0.3828807534302807 0.808
0.3918784077169915 0.8180000000000001
0.40623369075316795 0.8280000000000001
0.4187995693234069 0.838
0.4284510213664113 0.848
0.43629444778809423 0.858
0.4515839897870531 0.868
0.4690870051414697 0.878
0.48982482714611997 0.888
0.5108267245648864 0.898
0.5314493569045611 0.909
0.5520036757571217 0.919
0.5849596288234264 0.929
0.6032614454108993 0.9390000000000001
0.6221430766449237 0.9490000000000001
0.655158827162555 0.9590000000000001
0.6807678958567354 0.969
0.7286184746018911 0.979
0.7959045808889749 0.989
0.99959004067469 1.0
