1 3 -9.0 5.959494590759277 14.16931438446045 1.0531915426254272 -30.059720993041992 24.39246368408203 2.2764246463775635 39.491233825683594 0.0
1 3 -9.000000953674316 5.959491729736328 14.169317245483398 1.0531915426254272 -30.059720993041992 24.39246368408203 2.2764246463775635 39.491233825683594 0.0
1 3 -9.0 5.959494590759277 14.16931438446045 1.0531915426254272 -30.059722900390625 24.392465591430664 2.2764246463775635 39.491233825683594 0.0
1 3 -9.0 5.959497928619385 14.169313430786133 1.0531915426254272 -30.059722900390625 24.392465591430664 2.2764246463775635 39.491233825683594 0.0
65535
1 3 -9.0 5.959497928619385 14.169313430786133 1.0531913042068481 -30.059722900390625 24.39246368408203 2.2764246463775635 39.491233825683594 0.0
1 3 -9.0 5.959497928619385 14.169313430786133 1.0531915426254272 -30.059720993041992 24.39246368408203 2.2764246463775635 39.491233825683594 0.0
1 3 -9.0 5.959497928619385 14.169313430786133 1.0531915426254272 -30.059722900390625 24.392465591430664 2.2764246463775635 39.491233825683594 0.0
1 3 -9.0 5.959497928619385 14.169313430786133 1.0531915426254272 -30.059722900390625 24.392465591430664 2.2764246463775635 39.491233825683594 0.0
1 3 -9.0 5.959494590759277 14.16931438446045 1.0531915426254272 -30.059720993041992 24.39246368408203 2.2764246463775635 39.491233825683594 0.0
1 3 -9.0 5.959497928619385 14.169313430786133 1.0531915426254272 -30.059722900390625 24.392465591430664 2.2764246463775635 39.491233825683594 0.0
1 3 -9.0 5.959494590759277 14.16931438446045 1.0531915426254272 -30.059720993041992 24.39246368408203 2.2764246463775635 39.491233825683594 0.0
1 3 -9.0 5.959494590759277 14.16931438446045 1.0531915426254272 -30.059720993041992 24.39246368408203 2.2764246463775635 39.491233825683594 0.0
1 3 -9.0 5.959494590759277 14.16931438446045 1.0531915426254272 -30.059720993041992 24.39246368408203 2.2764246463775635 39.491233825683594 0.0
1 3 -9.0 5.959494590759277 14.16931438446045 1.0531915426254272 -30.059720993041992 24.39246368408203 2.2764246463775635 39.491233825683594 0.0
