0.0007615354916679934 0.0
0.01978855375032892 0.01
0.04081920690120457 0.02
0.05685669222384001 0.03
0.07536095912739776 0.04
0.08985494915163307 0.05
0.11226888079376125 0.06
0.13663234930485313 0.07
0.15744684692440233 0.08
0.17685341402036597 0.09
0.18863219078798768 0.101
0.20705717557997966 0.111
0.2198709196016601 0.121
0.24280242794895684 0.131
0.2626018600215793 0.14100000000000001
0.29146054467886034 0.151
0.3186523534807107 0.161
0.3366814319352451 0.171
0.3531895408743869 0.181
0.3690635981761172 0.191
0.3978915511644304 0.202
0.42134971127071175 0.212
0.4371287974838853 0.222
0.46669581947304495 0.232
0.5028923606231822 0.242
0.5154048289523172 0.252
0.5473488862888634 0.262
0.572292987928854 0.272
0.5941189618681904 0.28200000000000003
0.6285650330756188 0.292
0.6624165508987294 0.303
0.6974099243740046 0.313
0.7439731002740911 0.323
0.7726916192309004 0.333
0.8127017004216013 0.343
0.8339781020946442 0.353
0.8510020504099399 0.363
0.8793771052748774 0.373
0.9104347651111065 0.383
0.9387196928166219 0.393
0.9646081330289568 0.404
0.9901581137507197 0.41400000000000003
1.0227083510549664 0.424
1.0651503485516332 0.434
1.1175476785354508 0.444
1.1669118912918854 0.454
1.2085931426600667 0.464
1.2338025016913476 0.47400000000000003
1.2620269579888987 0.484
1.3025427478466631 0.494
1.3362897411733738 0.505
1.3605546082198132 0.515
1.3913015738517782 0.525
1.4330061559790375 0.535
1.4774358912283891 0.545
1.5100995265101391 0.555
1.5388495888043907 0.5650000000000001
1.580650889336929 0.5750000000000001
1.6131253969781172 0.585
1.6379079209543443 0.595
1.6894107510256111 0.606
1.741876293993185 0.616
1.7794244920149136 0.626
1.8506151993414734 0.636
1.8932917069182948 0.646
1.968393567099549 0.656
2.011195308556826 0.666
2.0489933920973797 0.676
2.0890257907204495 0.686
2.131369344326298 0.6960000000000001
2.183755267858061 0.707
2.247940897163798 0.717
2.286179494400322 0.727
2.3642837590101133 0.737
2.4190744977586345 0.747
2.5007416106798748 0.757
2.571643884608562 0.767
2.6166951791215944 0.777
2.6895592876964654 0.787
2.730247358684425 0.797
2.801116401458788 0.808
2.828449620485258 0.8180000000000001
2.933151629421415 0.8280000000000001
3.015442476029851 0.838
3.148925605872768 0.848
3.23127391922772 0.858
3.3052822406977733 0.868
3.392276491599612 0.878
3.4858957214617425 0.888
3.598757705666088 0.898
3.7078174107608355 0.909
3.804408878122861 0.919
3.860871669087546 0.929
3.9418926732360164 0.9390000000000001
4.107153130109031 0.9490000000000001
4.266100557885092 0.9590000000000001
4.531991741861791 0.969
4.625794208157974 0.979
4.798026673564472 0.989
4.987812315307295 1.0
