2.1182647200000004
2.1182647200000004
2.1182647200000004
2.1182647200000004
2.1182647200000004
2.1182647200000004
2.1182647200000004
2.1182647200000004
2.1182647200000004
2.1182647200000004
2.1182647200000004
2.1182647200000004
2.1182647200000004
2.1182647200000004
2.1182647200000004
2.1182647200000004
2.1182647200000004
2.1182647200000004
2.1182647200000004
2.1182647200000004
2.1182647200000004
2.1182647200000004
2.1182647200000004
2.1182647200000004
2.1182647200000004
2.1182647200000004
2.1182647200000004
2.1182647200000004
2.1182647200000004
2.1182647200000004
2.1182647200000004
2.1182647200000004
2.1182647200000004
2.1182647200000004
2.1182647200000004
2.1182647200000004
2.1182647200000004
2.1182647200000004
2.1182647200000004
2.1182647200000004
2.1182647200000004
2.1182647200000004
2.1182647200000004
2.1182647200000004
2.1182647200000004