0.00032851453749204617 0.0
0.002018971378048466 0.01
0.0034132448396256717 0.02
0.004686311282069383 0.03
0.006581431690076934 0.04
0.008549156287889968 0.05
0.011113766605499158 0.06
0.012392271531842204 0.07
0.015339668493219046 0.08
0.017438914263848065 0.09
0.019716758774456077 0.101
0.021282048527675658 0.111
0.023023243431954093 0.121
0.026151590405938174 0.131
0.028153586883397072 0.14100000000000001
0.029705596705183007 0.151
0.03181341316135759 0.161
0.03446527671286037 0.171
0.03748432973513571 0.181
0.03970207669797179 0.191
0.04196209182764273 0.202
0.04430672099690412 0.212
0.046736943162562695 0.222
0.04883293508568103 0.232
0.052031729423127115 0.242
0.054227748558949664 0.252
0.05776221075733821 0.262
0.06219752656031628 0.272
0.06426318543905356 0.28200000000000003
0.06737541043304263 0.292
0.07147086816133817 0.303
0.07554457540867823 0.313
0.0790357441697446 0.323
0.08228265995073245 0.333
0.08398402533182975 0.343
0.08819547750799936 0.353
0.09314869259662191 0.363
0.09595393156100943 0.373
0.09950671477188554 0.383
0.10248722751564668 0.393
0.10727009742356629 0.404
0.11263662611066683 0.41400000000000003
0.11815788444354342 0.424
0.12160740609034008 0.434
0.1259815235737989 0.444
0.12962875027527712 0.454
0.13385700193909547 0.464
0.1367554772645274 0.47400000000000003
0.13990173608135165 0.484
0.14304219786968705 0.494
0.14585122209344661 0.505
0.148426414601045 0.515
0.15734956620465473 0.525
0.16013335121547273 0.535
0.1638338264184463 0.545
0.16771141134159126 0.555
0.17168745243936864 0.5650000000000001
0.1756195241372673 0.5750000000000001
0.17898937065626844 0.585
0.18344286524838865 0.595
0.19151233885184438 0.606
0.19583874571306617 0.616
0.20431110568119623 0.626
0.21206380270873745 0.636
0.22055369525626484 0.646
0.22862461685455096 0.656
0.23522531967601076 0.666
0.24330401843036406 0.676
0.24790468425574566 0.686
0.25316142099208994 0.6960000000000001
0.25907987192180615 0.707
0.2698348597781626 0.717
0.27711567672110854 0.727
0.2862069021799843 0.737
0.29449166573239294 0.747
0.3014525979146789 0.757
0.3076010564989786 0.767
0.31498539841738243 0.777
0.32370403420103955 0.787
0.331311852468105 0.797
0.3425016910286866 0.808
0.35733308133338615 0.8180000000000001
0.3660247885849478 0.8280000000000001
0.376496115379201 0.838
0.3890629625553446 0.848
0.4113645476216715 0.858
0.4189816538770796 0.868
0.43909194434394017 0.878
0.45152719151951354 0.888
0.466109621328034 0.898
0.48104894082317906 0.909
0.5028114063317571 0.919
0.5363266781580358 0.929
0.5529747245826876 0.9390000000000001
0.5959865302503067 0.9490000000000001
0.6466901285143518 0.9590000000000001
0.698574117856368 0.969
0.7671487346812536 0.979
0.842046195395249 0.989
0.992322240829019 1.0
