20.58465386825003 22.55052977638636 1.5
15.183226502149367 20.914598310311927 1.5
14.721992784826396 27.26700144840224 1.5
9.970331317570999 26.040391330303766 1.5
5.542334862805548 23.654069760687193 1.5
-1.265340051930223 25.477406598658998 1.5
-2.089032214702059 28.506119338227617 1.5
-0.19655484853590122 33.851520680840615 1.5
0.6080016615597816 38.41024943740763 1.5
65535
2.479050230139763 43.330068290852594 1.5
5.65633953255356 46.49206585390552 1.5
12.620715303794485 44.85501307151738 1.5
18.959528164397724 40.72689905556066 1.5
17.7327459408197 41.26361160374593 1.5
