0.0036797809004875002 0.0
0.08746146550111848 0.01
0.16181069421355665 0.02
0.2316382510390269 0.03
0.26088322437124556 0.04
0.2888128958602813 0.05
0.35707751700899454 0.06
0.4391934201758285 0.07
0.490426865161022 0.08
0.5904361391744396 0.09
0.6505007073753349 0.101
0.7239908083669865 0.111
0.7548162794412606 0.121
0.7975321554679039 0.131
0.8427403930817315 0.14100000000000001
0.9191325702579507 0.151
1.010647510594073 0.161
1.0690963847472337 0.171
1.1100178300359087 0.181
1.198224200042186 0.191
1.2987263436926928 0.202
1.416359684200322 0.212
1.4845642204818417 0.222
1.6022126010804187 0.232
1.669407979843152 0.242
1.7355471523281645 0.252
1.8087127646859396 0.262
1.8974264366610487 0.272
1.9463172943036013 0.28200000000000003
2.0274481332859513 0.292
2.1044575662468015 0.303
2.159862704893257 0.313
2.2109733562339144 0.323
2.279821639393705 0.333
2.354762518941061 0.343
2.4124955793906846 0.353
2.4687218904372425 0.363
2.5175721812598177 0.373
2.6399394089452395 0.383
2.72011830846957 0.393
2.837103046076079 0.404
2.959721725019495 0.41400000000000003
3.0142529547308605 0.424
3.0823949390677923 0.434
3.1318214914156433 0.444
3.18763497937137 0.454
3.272328502406238 0.464
3.359289996264822 0.47400000000000003
3.4422394624011505 0.484
3.5165271824737725 0.494
3.6813142986004093 0.505
3.7961910444527813 0.515
3.8995808109150505 0.525
3.956637768559329 0.535
4.084944284854112 0.545
4.186515622122683 0.555
4.251699615046462 0.5650000000000001
4.3313734312312455 0.5750000000000001
4.443863877816113 0.585
4.553546969871181 0.595
4.670498881750939 0.606
4.784596417292723 0.616
4.932179278693051 0.626
4.992332686949177 0.636
5.141346819355292 0.646
5.271589923133756 0.656
5.376245721208108 0.666
5.444464191012442 0.676
5.563204182465838 0.686
5.637549225339751 0.6960000000000001
5.721392732740757 0.707
5.833932939456201 0.717
5.9381899168397 0.727
6.060601272127312 0.737
6.185714612574709 0.747
6.269292805500012 0.757
6.395294630229153 0.767
6.475799245109204 0.777
6.641788297361925 0.787
6.751945339164397 0.797
6.862828441836325 0.808
7.053247564325277 0.8180000000000001
7.200965730607491 0.8280000000000001
7.3221856675702295 0.838
7.4270944035226965 0.848
7.5581067693118165 0.858
7.700280482458218 0.868
7.837765758940722 0.878
7.997680354519604 0.888
8.11411148228436 0.898
8.376722457546432 0.909
8.576762799273158 0.919
8.773621420835926 0.929
8.870165306680704 0.9390000000000001
9.058159795945361 0.9490000000000001
9.222943429492094 0.9590000000000001
9.318511431477608 0.969
9.536496769308387 0.979
9.753060052794375 0.989
9.951984130271338 1.0
