0 2 20.25 -52.91 0 -4.54 -19.41 0
0 2 20.91 -48.45 0 -4.63 -14.97 0
0 2 20.61 -43.94 0 -4.62 -10.53 0
0 2 19.97 -39.48 0 -3.98 -6.14 0
1 2 19.91 -34.97 0 -3.86 -1.72 0
1 2 20.12 -30.46 0 -3.54 2.69 0
1 2 20.48 -25.96 0 -2.72 7.05 0
1 2 20.36 -21.49 0 -0.95 11.12 0
0 2 19.53 -17.06 0 -0.25 14.73 0
0 2 18.91 -12.59 0 -2.95 16.98 0
0 2 15.79 -9.53 0 -1.41 20.74 0
1 2 11.76 -7.65 0 1.8 17.94 0
0 2 11.53 -3.14 0 3.41 13.8 0
0 2 12.77 1.19 0 5.01 16.84 0
0 2 15.66 4.56 0 6.35 21.07 0
1 2 18.27 8.24 0 7.64 25.32 0
1 2 20.07 6.52 0 7.31 29.19 0
1 2 20.95 2.14 0 4.12 32.05 0
1 2 20.86 -2.31 0 -0.01 31.64 0
1 2 17.21 -4.46 0 1.41 27.43 0
1 2 13.63 -2.17 0 4.32 26.43 0
