0.00037590924563145464 0.0
0.019683424849054894 0.01
0.044790241949444365 0.02
0.06328593776471206 0.03
0.08963588164108997 0.04
0.1089720818866562 0.05
0.13519339690686014 0.06
0.1668130416773164 0.07
0.181862463755567 0.08
0.20550725781894674 0.09
0.23552221784469304 0.101
0.2635171621161049 0.111
0.28507267337856573 0.121
0.3045590599817218 0.131
0.3346396501766608 0.14100000000000001
0.3544506243657742 0.151
0.3824474696474685 0.161
0.3941758724850847 0.171
0.411537766170968 0.181
0.4373708174560155 0.191
0.4522808135986741 0.202
0.47683394340134133 0.212
0.49868601134770585 0.222
0.5083711766310524 0.232
0.5243363375267586 0.242
0.5454981496183746 0.252
0.5640672399974322 0.262
0.5940676516488145 0.272
0.6137669363860722 0.28200000000000003
0.6436231142286278 0.292
0.6610354579828027 0.303
0.6763580807356345 0.313
0.7076644462636349 0.323
0.7330668238639358 0.333
0.7622899508960389 0.343
0.7949679984387266 0.353
0.8320643073409415 0.363
0.857040478944766 0.373
0.8765704645556048 0.383
0.9049574476425291 0.393
0.9275847816166986 0.404
0.9586207590491429 0.41400000000000003
0.9800690144214328 0.424
1.0172119105870108 0.434
1.0389312780139437 0.444
1.0671535432452868 0.454
1.1152546117597806 0.464
1.1785442565207263 0.47400000000000003
1.2197708359714783 0.484
1.2589148212326615 0.494
1.3281224584602824 0.505
1.3687489344398178 0.515
1.397381877535077 0.525
1.4261659318292845 0.535
1.447429813350626 0.545
1.478988125451553 0.555
1.5444682668669218 0.5650000000000001
1.5874778437080088 0.5750000000000001
1.633406050575474 0.585
1.66771828626047 0.595
1.7162676942502861 0.606
1.7349367287366488 0.616
1.8016485982832158 0.626
1.847190935002643 0.636
1.9011751455150567 0.646
1.9392578101036728 0.656
1.974540815412724 0.666
2.0027426776023662 0.676
2.037891918650766 0.686
2.073354151656124 0.6960000000000001
2.126333117499413 0.707
2.1762667734857715 0.717
2.2258749066335017 0.727
2.269230161927258 0.737
2.298960231129288 0.747
2.32755076640969 0.757
2.411883428868382 0.767
2.4376938673945996 0.777
2.4824858668749483 0.787
2.57641254816086 0.797
2.688103029511291 0.808
2.7659316675654315 0.8180000000000001
2.8605636342003242 0.8280000000000001
2.9076302458818426 0.838
3.0138199891033755 0.848
3.097513851119697 0.858
3.169619579083051 0.868
3.2804264020809093 0.878
3.387046801205054 0.888
3.481936636546766 0.898
3.5913531593673134 0.909
3.654630866097257 0.919
3.8441769510322596 0.929
3.9811758096885135 0.9390000000000001
4.1455184895477775 0.9490000000000001
4.259975475849879 0.9590000000000001
4.383344132051663 0.969
4.461167774770263 0.979
4.6822068229246385 0.989
4.995829189762822 1.0
