0 2 -9.0 -0.13221216201782227 16.053611755371094 2.1753926277160645 39.42459487915039 0.0
1 2 -9.0 -0.13221216201782227 16.053611755371094 2.1753926277160645 39.42459487915039 0.0
1 2 -9.0 -0.13221216201782227 16.053611755371094 2.1753926277160645 39.42459487915039 0.0
1 2 -9.0 -0.13221216201782227 16.053611755371094 2.1753926277160645 39.42459487915039 0.0
1 2 -9.0 -0.13221216201782227 16.053611755371094 2.1753926277160645 39.42459487915039 0.0
1 2 -9.0 -0.13221216201782227 16.053611755371094 2.1753926277160645 39.42459487915039 0.0
1 2 -9.0 -0.13221216201782227 16.053611755371094 2.1753926277160645 39.42459487915039 0.0
1 2 -9.0 -0.13221216201782227 16.053611755371094 2.1753926277160645 39.42459487915039 0.0
1 2 -9.0 -0.13221216201782227 16.053611755371094 2.1753926277160645 39.42459487915039 0.0
1 2 -9.0 -0.13221216201782227 16.053611755371094 2.1753926277160645 39.42459487915039 0.0
1 2 -9.0 -0.13221216201782227 16.053611755371094 2.1753926277160645 39.42459487915039 0.0
1 2 -9.0 -0.13221216201782227 16.053611755371094 2.1753926277160645 39.42459487915039 0.0
1 2 -9.0 -0.13221216201782227 16.053611755371094 2.1753926277160645 39.42459487915039 0.0
1 2 -9.0 -0.13221216201782227 16.053611755371094 2.1753926277160645 39.42459487915039 0.0
1 2 -9.0 -0.13221216201782227 16.053611755371094 2.1753926277160645 39.42459487915039 0.0
1 2 -9.0 -0.13221216201782227 16.053611755371094 2.1753926277160645 39.42459487915039 0.0
1 2 -9.0 -0.13221216201782227 16.053611755371094 2.1753926277160645 39.42459487915039 0.0
1 2 -9.0 -0.13221216201782227 16.053611755371094 2.1753926277160645 39.42459487915039 0.0
1 2 -9.0 -0.13221216201782227 16.053611755371094 2.1753926277160645 39.42459487915039 0.0
1 2 -9.0 -0.13221216201782227 16.053611755371094 2.1753926277160645 39.42459487915039 0.0
1 2 -9.0 -0.13221216201782227 16.053611755371094 2.1753926277160645 39.42459487915039 0.0