0.00805347549452891 0.0
0.056907481350651344 0.01
0.09331818639849714 0.02
0.17482763575131788 0.03
0.2188784379915977 0.04
0.26590659570178626 0.05
0.33533495298538507 0.06
0.4114719391961353 0.07
0.45673113194826753 0.08
0.4949070061217703 0.09
0.5713353900277479 0.101
0.6186563861682443 0.111
0.71845231075893 0.121
0.8343600909775267 0.131
0.9138296854919723 0.14100000000000001
0.9529639541760341 0.151
1.0393653395355658 0.161
1.1298082957668523 0.171
1.2036724325789308 0.181
1.2487901839409412 0.191
1.3001312581826 0.202
1.3429042655130663 0.212
1.4007178764694215 0.222
1.4344658722047285 0.232
1.4930732720495994 0.242
1.542882162255958 0.252
1.6173598675267467 0.262
1.6597851867159354 0.272
1.7304544991369366 0.28200000000000003
1.8120817343058104 0.292
1.9237098454599422 0.303
2.0220963764546758 0.313
2.0949839469879383 0.323
2.127145979730734 0.333
2.185525967620037 0.343
2.309806017926114 0.353
2.373121555529893 0.363
2.5037994417060894 0.373
2.6192850676337303 0.383
2.673496926080519 0.393
2.744437187846675 0.404
2.821183806964096 0.41400000000000003
2.878356473809837 0.424
2.9385508536091427 0.434
3.0017732838329936 0.444
3.0574404800441344 0.454
3.1669058564344668 0.464
3.2949864739847663 0.47400000000000003
3.39794997302151 0.484
3.457548267566695 0.494
3.602981761186664 0.505
3.6639520762417974 0.515
3.7558198099784286 0.525
3.972521653794624 0.535
4.03501546074617 0.545
4.0928091152527974 0.555
4.183055500483768 0.5650000000000001
4.274270007309802 0.5750000000000001
4.363806651059455 0.585
4.464106901301495 0.595
4.5615695333297275 0.606
4.659529627131939 0.616
4.775717937711614 0.626
4.844338222789303 0.636
4.90327581032841 0.646
4.993069564394719 0.656
5.102058480935904 0.666
5.172872173521428 0.676
5.257882267449613 0.686
5.361269930841749 0.6960000000000001
5.576315458198699 0.707
5.701445954506003 0.717
5.831620301413052 0.727
5.888942266309171 0.737
5.999719067443124 0.747
6.168861235795021 0.757
6.266278068492161 0.767
6.362453234889785 0.777
6.540261805880789 0.787
6.7568584430614385 0.797
6.8589491383831 0.808
6.955059510924353 0.8180000000000001
7.2083809199895965 0.8280000000000001
7.363167184580485 0.838
7.5548286016033535 0.848
7.7149759430913285 0.858
7.920068856644461 0.868
8.0900595386191 0.878
8.230903109292683 0.888
8.349766099267734 0.898
8.507887764507371 0.909
8.608528022593305 0.919
8.7468271841309 0.929
8.887336636157638 0.9390000000000001
9.124508795916833 0.9490000000000001
9.272346984505074 0.9590000000000001
9.479982430989043 0.969
9.661303557164453 0.979
9.819999985687428 0.989
9.992875526835482 1.0
